w1x=-0.1218318939208984
w2x=1.994096755981445
w3x=4.5313568115234375
w4x=6.557579040527344
w5x=7.842391490936279
w6x=6.856735229492188
w7x=5.555830001831055
w8x=5.42558479309082
w9x=6.519083023071289
w10x=6.963254928588867
w11x=4.584283828735352
w12x=2.317379951477051
w13x=1.2779722213745115
w14x=-0.1611576080322265
w15x=-0.1605119705200195
w16x=2.485994338989258
w17x=4.404748916625977
w18x=5.656575202941895
w19x=0.4570999145507812
w20x=-1.0125885009765625
w21x=-1.8590946197509768
w22x=-1.9677982330322263
w23x=-1.908034324645996
w24x=-3.658760070800781
w25x=-3.973165512084961
w26x=-6.4872589111328125
w27x=-8.25124740600586
w28x=-3.904906272888184
w29x=-1.8641395568847656
w30x=-0.8509674072265625
w31x=-2.883949279785156
w32x=-5.219956398010254
w33x=-7.481934547424316
w34x=-7.848366737365723
w35x=-7.753649711608887
w36x=-7.490196228027344
w37x=-7.573483467102051
w38x=-8.172195434570312
w39x=-7.444209098815918
w40x=-7.549870491027832
w41x=-5.798432350158691
w42x=-4.909024238586426
w43x=-4.969869613647461
w44x=-5.5551958084106445
w45x=-5.341214179992676
w46x=-5.238883018493652
w47x=-6.539395332336426
w48x=-2.991973876953125
w49x=-1.1190853118896484
w50x=-1.2698564529418943
w51x=-4.3794145584106445
w52x=0.7567977905273438
w53x=1.90557861328125
w54x=1.0633811950683594
w55x=2.9364118576049805
w56x=6.2021589279174805
w57x=7.806118965148926
w58x=6.575754165649414
w59x=4.857912063598633
w60x=7.938353538513184
w61x=6.407493591308594
w62x=4.336721420288086
w63x=7.3481903076171875
w64x=6.000916481018066
w65x=2.1140708923339844
w66x=1.3926963806152344
w67x=-0.6474685668945312
w68x=0.5516986846923828
w1y=-0.0259771347045898
w2y=-0.0439786911010742
w3y=-0.085784912109375
w4y=-0.3214273452758789
w5y=-2.5718584060668945
w6y=-5.310903549194336
w7y=-3.291231155395508
w8y=-6.284844398498535
w9y=-6.657915115356445
w10y=-8.342772483825684
w11y=-8.234786033630371
w12y=-8.385184288024902
w13y=-8.489228248596191
w14y=-6.5234785079956055
w15y=-3.616194725036621
w16y=-1.8003826141357422
w17y=-1.3879127502441406
w18y=-1.8085193634033203
w19y=-1.4837875366210938
w20y=0.2969217300415039
w21y=-2.0568294525146484
w22y=-3.821854591369629
w23y=-6.88770866394043
w24y=-8.398080825805664
w25y=-6.456343650817871
w26y=-5.229393005371094
w27y=-5.351316452026367
w28y=-4.276196479797363
w29y=-8.6356201171875
w30y=-5.360382080078125
w31y=-2.35261344909668
w32y=-2.495210647583008
w33y=-0.4833307266235351
w34y=-2.752452850341797
w35y=1.9571685791015625
w36y=4.039443016052246
w37y=5.720549583435059
w38y=6.9970245361328125
w39y=8.832785606384277
w40y=3.727993965148926
w41y=0.0971441268920898
w42y=1.8313970565795896
w43y=3.5237350463867188
w44y=4.095023155212402
w45y=6.497528553009033
w46y=8.137776374816895
w47y=4.391872406005859
w48y=3.835938453674317
w49y=7.366295337677002
w50y=8.689624786376953
w51y=4.468411445617676
w52y=7.501811027526855
w53y=8.655957221984863
w54y=7.538145065307617
w55y=7.717143535614014
w56y=8.6217622756958
w57y=7.990253448486328
w58y=7.106501579284668
w59y=6.749738693237305
w60y=5.575770378112793
w61y=5.127005577087402
w62y=3.472482681274414
w63y=2.3798952102661133
w64y=1.9578466415405276
w65y=2.127309799194336
w66y=2.1152877807617188
w67y=2.2751903533935547
w68y=5.317008972167969
