w1x=6.513132095336914
w2x=7.61183500289917
w3x=2.546211004257202
w4x=-0.3044536411762237
w5x=2.3570947647094727
w6x=-0.5821393728256226
w7x=-0.0354486815631389
w8x=-0.5453185439109802
w9x=5.874478340148926
w10x=5.855508804321289
w11x=-3.813283443450928
w12x=-6.694038391113281
w13x=-7.608221530914307
w14x=0.1759240478277206
w15x=-3.381991147994995
w16x=0.4798393845558166
w17x=4.361365795135498
w18x=1.5060231685638428
w19x=-0.6604978442192078
w20x=-0.5661982893943787
w21x=1.4204607009887695
w1y=-5.48906135559082
w2y=-2.595266580581665
w3y=-1.705905199050903
w4y=-6.4706220626831055
w5y=-8.124214172363281
w6y=-3.5115349292755127
w7y=-5.020480632781982
w8y=-4.9900994300842285
w9y=-3.491962432861328
w10y=-6.34856653213501
w11y=-7.6300225257873535
w12y=-5.239445686340332
w13y=3.3208255767822266
w14y=0.218757078051567
w15y=3.801892757415772
w16y=7.239800930023193
w17y=4.347860813140869
w18y=2.0962138175964355
w19y=2.0719447135925293
w20y=5.032551288604736
w21y=5.208882808685303
