w1x=7.842391490936279
w2x=6.856735229492188
w3x=5.555830001831055
w4x=5.42558479309082
w5x=1.2779722213745115
w6x=-0.1605119705200195
w7x=2.485994338989258
w8x=-1.0125885009765625
w9x=-3.973165512084961
w10x=-6.4872589111328125
w11x=-0.8509674072265625
w12x=-7.549870491027832
w13x=-2.991973876953125
w14x=1.0633811950683594
w15x=1.3926963806152344
w16x=-0.6474685668945312
w17x=0.5516986846923828
w1y=-2.5718584060668945
w2y=-5.310903549194336
w3y=-3.291231155395508
w4y=-6.284844398498535
w5y=-8.489228248596191
w6y=-3.616194725036621
w7y=-1.8003826141357422
w8y=0.2969217300415039
w9y=-6.456343650817871
w10y=-5.229393005371094
w11y=-5.360382080078125
w12y=3.727993965148926
w13y=3.835938453674317
w14y=7.538145065307617
w15y=2.1152877807617188
w16y=2.2751903533935547
w17y=5.317008972167969
