w1x=0.9630250930786132
w2x=2.0059690475463867
w3x=3.0171680450439453
w4x=4.0258073806762695
w5x=5.00759744644165
w6x=5.995468616485596
w7x=6.980856418609619
w8x=8.004339218139648
w9x=7.977921009063721
w10x=8.00973129272461
w11x=6.996060371398926
w12x=5.959029674530029
w13x=4.973728656768799
w14x=3.941112995147705
w15x=2.969003200531006
w16x=1.934290885925293
w17x=0.9587697982788086
w18x=0.0020904541015625
w19x=-0.9597845077514648
w20x=-1.6853313446044922
w21x=-0.9509592056274414
w22x=-0.0070266723632812
w23x=0.3873071670532226
w24x=1.0049715042114258
w25x=2.0268030166625977
w26x=2.351590156555176
w27x=2.205958366394043
w28x=4.015819072723389
w29x=5.027771472930908
w30x=6.003928184509277
w31x=6.967510223388672
w32x=7.975611209869385
w33x=8.002838134765625
w34x=6.959413051605225
w35x=5.962821960449219
w36x=4.979660987854004
w37x=4.048470497131348
w38x=3.96670913696289
w39x=5.006137847900391
w40x=5.997464656829834
w41x=6.994466781616211
w42x=7.99876594543457
w43x=8.02328872680664
w44x=6.95725679397583
w45x=5.97648286819458
w46x=4.995936393737793
w47x=3.944748878479004
w48x=4.1173601150512695
w49x=5.056558609008789
w50x=5.982120513916016
w51x=7.000454425811768
w52x=8.007462501525879
w53x=8.00759506225586
w54x=7.031657695770264
w55x=5.997264385223389
w56x=4.988908767700195
w57x=3.73409652709961
w58x=3.01969051361084
w59x=3.008145332336426
w60x=2.400351524353028
w61x=1.9919919967651367
w62x=1.960626602172852
w63x=1.0928916931152344
w64x=1.1340742111206057
w65x=0.3414411544799804
w66x=-0.2835731506347656
w67x=-0.9294357299804688
w68x=-1.7024307250976562
w69x=-2.9534683227539062
w70x=-3.6328744888305664
w1y=-0.0280742645263671
w2y=-0.036935806274414
w3y=-0.0161027908325195
w4y=-0.0125684738159179
w5y=-0.0064649581909179
w6y=0.0532789230346679
w7y=0.016641616821289
w8y=-0.0030765533447265
w9y=1.0338859558105469
w10y=1.9775514602661133
w11y=1.9923791885375977
w12y=2.001893997192383
w13y=2.014558792114258
w14y=1.9699087142944336
w15y=1.9905767440795896
w16y=1.9185152053833008
w17y=2.032794952392578
w18y=1.9801607131958008
w19y=2.0540246963500977
w20y=2.7603650093078613
w21y=5.0107598304748535
w22y=4.996179103851318
w23y=4.632577896118164
w24y=5.008967399597168
w25y=5.02421236038208
w26y=4.621180057525635
w27y=2.786319732666016
w28y=3.0002593994140625
w29y=3.0099453926086426
w30y=2.9812536239624023
w31y=2.9856626987457275
w32y=3.035477638244629
w33y=3.999409675598145
w34y=3.985872507095337
w35y=3.986827850341797
w36y=4.000647068023682
w37y=4.020153522491455
w38y=4.979776382446289
w39y=5.02392578125
w40y=4.991493225097656
w41y=5.01070499420166
w42y=5.009163856506348
w43y=6.023109436035156
w44y=6.022768974304199
w45y=6.000041961669922
w46y=5.993367671966553
w47y=5.997214317321777
w48y=7.040322303771973
w49y=7.032198429107666
w50y=7.009456157684326
w51y=7.006290912628174
w52y=7.017148017883301
w53y=7.998428344726562
w54y=8.175189018249512
w55y=8.149319648742676
w56y=7.392431735992432
w57y=7.16481876373291
w58y=7.016146183013916
w59y=8.019692420959473
w60y=8.790533065795898
w61y=8.001764297485352
w62y=7.157961845397949
w63y=7.167537212371826
w64y=8.301309585571289
w65y=7.025119304656982
w66y=8.108366012573242
w67y=7.227519512176514
w68y=8.695592880249023
w69y=7.112186908721924
w70y=8.534819602966309
