w1x=-0.0078611373901367
w2x=-0.0855283737182617
w3x=-0.0213308334350585
w4x=-0.010416030883789
w5x=0.023655891418457
w6x=-0.0940732955932617
w7x=-0.2073278427124023
w8x=-0.0810909271240234
w9x=-0.7112255096435547
w10x=-0.9256105422973632
w11x=-1.4557132720947266
w12x=-1.3065519332885742
w13x=-1.330887794494629
w14x=-1.2670660018920898
w15x=-1.175724983215332
w16x=-1.8202133178710935
w17x=-2.5858850479125977
w18x=-2.6054906845092773
w19x=-2.742687225341797
w20x=-3.02841854095459
w21x=-3.2291698455810547
w1y=-0.9847574234008788
w2y=-2.0470895767211914
w3y=-3.010516166687012
w4y=-4.010639190673828
w5y=-4.975879669189453
w6y=-5.762591361999512
w7y=-7.102699279785156
w8y=-8.345015525817871
w9y=-9.339797973632812
w10y=-9.107548713684082
w11y=-8.359051704406738
w12y=-6.637836456298828
w13y=-5.03082275390625
w14y=-4.158780097961426
w15y=-3.05061149597168
w16y=-2.975918769836426
w17y=-3.393125534057617
w18y=-4.204794883728027
w19y=-5.9219465255737305
w20y=-7.939396858215332
w21y=-8.889455795288086
